s.Control	s.Blood_D64	s.Faeces_D64	s.Pig_D64	s.Urine_D64	index	stat	p.value
X22	1	0	1	0	0	7	0.853958331990009	4e-04
X28	1	0	1	0	0	7	0.768863750861788	0.0087
X31	1	0	0	0	0	1	0.792664400768266	0.005
X38	1	1	1	0	0	16	0.770444100624219	0.0047
X52	1	0	1	0	0	7	0.588923664211492	0.0939
X61	1	0	0	0	0	1	0.663611255102184	0.029
X77	1	1	0	0	1	18	0.602066427530581	0.0833
X80	0	1	0	0	1	12	0.834153600585214	0.0039
X81	1	1	1	0	0	16	0.594829837757618	0.0914
X86	0	1	0	1	1	24	0.624825178802072	0.0584
X88	1	1	0	0	1	18	0.544698878987345	0.1596
X89	1	0	1	0	0	7	0.8235315270205	5e-04
X98	0	1	0	1	1	24	0.850201458349846	0.003
X100	1	0	1	0	0	7	0.854767534415241	2e-04
X102	1	0	0	0	0	1	0.620023626220431	0.0626
X109	1	0	0	0	0	1	0.823161054822116	3e-04
X116	1	1	1	0	0	16	0.724500715893881	0.009
X117	0	1	0	0	0	2	0.596194884465475	0.0819
X118	1	1	0	0	0	6	0.764305625712421	0.0028
X119	1	0	1	0	0	7	0.84194425413312	1e-04
X120	1	0	1	0	0	7	0.918486508577545	1e-04
X122	1	0	1	0	0	7	0.821767200513667	0.001
X124	1	1	1	0	1	27	0.556808979766248	0.1596
X126	1	0	1	0	0	7	0.817831355668678	9e-04
X127	0	1	0	0	0	2	0.675212267396279	0.0196
X128	1	0	0	0	0	1	0.5729834654025	0.1224
X131	1	0	0	0	0	1	0.813646120212135	3e-04
X133	1	0	1	0	0	7	0.897984909953591	2e-04
X141	1	0	0	0	0	1	0.559864548769574	0.1554
X143	1	0	0	0	0	1	0.698171130292432	0.0171
X145	1	0	0	0	0	1	0.794871133802259	0.0011
X150	0	1	0	0	0	2	0.742145669969049	0.0058
X151	1	0	0	0	0	1	0.471261080381734	0.3271
X159	1	0	0	0	0	1	0.838923521910323	2e-04
X169	0	1	0	0	1	12	0.609305939878609	0.0613
X170	0	1	0	0	0	2	0.890569437300927	0.0018
X174	1	0	1	0	0	7	0.843628834243878	1e-04
X177	1	0	0	0	0	1	0.707337840865245	0.012
X178	1	0	1	0	1	20	0.66608338392495	0.0287
X183	1	0	0	0	0	1	0.780204609756047	9e-04
X185	1	1	1	0	0	16	0.747459298529156	0.0053
X186	1	0	1	0	0	7	0.760774692730085	0.0018
X193	0	1	0	1	1	24	0.896924314739217	5e-04
X194	1	0	0	0	0	1	0.621809951811032	0.0699
X198	1	1	1	0	0	16	0.645815670515357	0.0421
X204	0	1	0	0	1	12	0.9347499088952	4e-04
X207	1	1	1	0	1	27	0.453345624595044	0.3748
X211	1	0	0	0	0	1	0.637897115130598	0.0482
X212	1	1	0	0	1	18	0.713643861965573	0.0082
X213	0	1	0	0	0	2	0.686896674587463	0.0233
X214	1	0	0	0	1	9	0.65736173952241	0.0381
X221	1	0	0	0	0	1	0.648800321675279	0.0426
X226	1	0	0	0	0	1	0.675751030639875	0.0255
X234	1	0	0	0	0	1	0.512082370716427	0.243
X236	0	1	0	0	1	12	0.874381837288795	0.0021
X237	1	0	0	0	0	1	0.683754925177348	0.0197
X238	0	1	0	0	1	12	0.573126302218623	0.1065
X244	1	0	0	0	0	1	0.809626376329597	4e-04
X245	0	1	0	0	1	12	0.828911190994808	0.0032
X254	1	0	1	0	0	7	0.532455262394046	0.1839
X255	1	1	0	0	0	6	0.65587201968597	0.0329
X260	0	0	0	0	1	5	0.696836236330711	0.0203
X261	1	1	1	0	0	16	0.617287988004785	0.075
X269	1	0	1	0	0	7	0.661493011813875	0.0354
X284	1	0	1	0	0	7	0.780765960117302	0.0013
X285	1	0	1	0	0	7	0.667560526318025	0.0281
X286	1	1	0	0	1	18	0.684963393024232	0.0173
X289	1	1	1	0	0	16	0.590502339467247	0.1073
X295	1	1	0	0	1	18	0.590555568862317	0.0949
X296	0	0	0	0	1	5	0.903168209513772	7e-04
X298	1	1	1	0	0	16	0.536257086267084	0.1879
X307	1	0	0	0	0	1	0.629994419218032	0.0488
X311	1	0	0	0	0	1	0.601955076593517	0.0853
X315	1	0	0	0	0	1	0.746492188653343	0.0061
X326	1	0	0	0	0	1	0.711589010922103	0.0154
X330	1	0	0	0	0	1	0.796363757791128	0.0016
X331	0	1	0	0	0	2	0.682537167604403	0.0178
X335	1	0	1	0	0	7	0.627917537628555	0.0558
X336	1	0	1	0	0	7	0.716917163397208	0.0108
X343	1	0	0	0	0	1	0.685231328870492	0.0226
X349	0	1	0	0	1	12	0.89307294461737	0.001
X351	1	0	0	0	0	1	0.46823665291006	0.3232
X354	1	0	1	0	0	7	0.551570930781449	0.1398
X355	1	0	0	0	0	1	0.811652898241022	0.0012
X356	1	0	0	0	0	1	0.824521751792551	4e-04
X360	1	0	0	0	0	1	0.660761110014385	0.0337
X361	0	1	0	0	0	2	0.849263808867729	0.0041
X370	1	1	0	0	0	6	0.553547483244544	0.1375
X372	1	1	0	0	0	6	0.561419703803129	0.1365
X373	0	1	1	0	1	23	0.656519043081954	0.0358
X382	1	0	1	0	0	7	0.661241647514654	0.0357
X384	0	1	0	0	0	2	0.948146487312628	8e-04
X386	1	0	0	0	0	1	0.738563130643851	0.0075
X388	0	1	0	0	1	12	0.632292353918779	0.0496
X397	1	1	0	0	0	6	0.674630680540513	0.0249
X405	0	0	1	0	0	3	0.811593184066372	0.0036
X408	1	0	1	0	0	7	0.809371755656264	9e-04
X413	1	0	0	0	0	1	0.862847894571318	1e-04
X415	0	1	0	0	0	2	0.621429818155843	0.0539
X419	0	1	0	0	1	12	0.872678769258493	0.0026
X420	0	0	0	0	1	5	0.775930883684434	0.0027
X421	0	1	1	0	1	23	0.461838017621869	0.3449
X427	1	0	1	0	0	7	0.691734096910672	0.0242
X429	1	0	0	0	0	1	0.606275457255141	0.0634
X431	1	0	0	0	0	1	0.840421188546005	1e-04
X433	0	1	0	0	0	2	0.784913761527101	0.0021
X438	0	1	1	0	0	10	0.647664688436162	0.045
X439	1	0	0	0	0	1	0.653332851915114	0.0361
X440	1	0	0	0	0	1	0.725671342165965	0.016
X447	0	1	0	0	1	12	0.4863772280598	0.2711
X457	1	0	0	0	1	9	0.691919191919192	0.019
X458	1	0	0	0	0	1	0.588879513436758	0.0832
X459	0	1	0	0	0	2	0.912802609385645	6e-04
X462	0	1	0	0	0	2	0.614179837565442	0.0531
X466	1	0	1	0	0	7	0.568655794677562	0.1091
X469	0	1	0	0	0	2	0.809404610457305	0.005
X478	1	1	0	0	1	18	0.501069533451206	0.2452
X484	1	0	0	0	0	1	0.734698199350365	0.0099
X485	1	0	0	0	0	1	0.744939664313094	0.0071
X495	0	1	0	0	1	12	0.71389831152215	0.0193
X496	1	0	0	0	1	9	0.633188697721957	0.0491
X497	0	0	0	0	1	5	0.917200427050679	9e-04
X503	1	0	1	0	0	7	0.708228309120941	0.0166
X504	1	0	0	0	0	1	0.642723141219938	0.044
X512	1	0	0	0	0	1	0.70582263238562	0.0199
X513	0	0	1	0	0	3	0.639992229851264	0.0478
X515	1	0	1	0	0	7	0.717944774020493	0.0133
X521	0	1	0	0	0	2	0.970961528525485	8e-04
X523	1	0	0	0	1	9	0.554139181833572	0.1445
X527	0	1	0	0	1	12	0.700869917832997	0.0185
X529	1	0	0	0	1	9	0.748220736805882	0.003
X534	0	1	0	0	0	2	0.857287033658713	0.0031
X545	0	1	0	0	1	12	0.807482171456084	0.0029
X546	0	1	0	0	1	12	0.894745254212545	0.0021
X548	0	1	0	0	1	12	0.355716856866761	0.6443
X551	1	0	1	0	0	7	0.774729354718893	0.0056
X552	1	0	0	0	0	1	0.573004848684314	0.1137
X553	1	1	0	0	0	6	0.530019056226255	0.1853
X554	1	0	1	0	0	7	0.640049939837137	0.0505
X558	1	0	1	0	0	7	0.642051343906868	0.0451
X563	0	1	0	0	0	2	0.69361246728116	0.0119
X566	0	0	0	0	1	5	0.596201290212882	0.0736
X567	1	1	0	0	1	18	0.558249927720595	0.1325
X569	1	0	0	0	0	1	0.613132878227453	0.076
X572	0	0	0	1	1	15	0.635249273243703	0.0421
X573	1	1	1	0	0	16	0.641704978080752	0.0459
X578	0	1	1	0	0	10	0.555342640710383	0.1202
X582	0	1	0	0	1	12	0.513786281883529	0.1665
X587	1	0	0	0	0	1	0.666160490697565	0.0352
X588	1	0	0	0	0	1	0.625911984465501	0.0617
X589	1	0	0	0	0	1	0.60406525702138	0.0777
X594	1	1	1	0	0	16	0.483637917565711	0.2732
X597	0	1	0	0	0	2	0.987255233564013	8e-04
X598	0	1	0	0	1	12	0.96984855833576	1e-04
X600	1	0	0	0	0	1	0.73812122721952	0.0095
X602	1	0	0	0	0	1	0.767323300003963	0.0037
X609	0	1	0	0	1	12	0.837495121945937	0.0045
X610	0	1	0	0	1	12	0.762709681773665	0.0102
X615	0	0	0	0	1	5	0.704826344914474	0.0079
X619	1	0	1	0	0	7	0.679535627252155	0.0275
X620	1	0	1	0	0	7	0.671800855471678	0.0287
X625	0	1	0	0	0	2	0.96420076716538	7e-04
X635	1	0	0	0	0	1	0.475504738097178	0.2426
X637	1	0	1	0	0	7	0.580086531758179	0.1014
X639	0	1	0	0	0	2	0.80020204219528	0.0012
X640	0	1	0	0	0	2	0.688912091212428	0.0155
X641	1	0	0	0	0	1	0.63593182560435	0.0516
X642	1	0	0	0	0	1	0.514018240891541	0.1874
X643	1	0	0	0	0	1	0.789061987770205	5e-04
X644	1	0	1	0	0	7	0.571424975085109	0.112
X650	1	0	1	0	0	7	0.550435599759339	0.1352
X652	0	0	1	0	0	3	0.793870529526704	0.0049
X656	1	0	0	0	0	1	0.711704641868458	0.0162
X657	1	0	0	0	0	1	0.53982173702415	0.1759
X661	0	1	1	0	1	23	0.661712022413237	0.0337
X662	1	0	0	0	1	9	0.587353825573666	0.0978
X663	1	1	1	0	0	16	0.612909112958486	0.0671
X667	1	0	0	0	0	1	0.673832588053079	0.0292
X670	0	0	1	0	0	3	0.708447893237214	0.0173
X676	1	0	0	0	0	1	0.608125088471242	0.0832
X677	0	1	0	0	1	12	0.872009295040585	0.0017
X686	0	1	0	0	1	12	0.659886868414201	0.0195
X687	0	0	0	0	1	5	0.930075075581859	1e-04
X694	1	0	1	0	0	7	0.674907914073524	0.0273
X695	1	0	0	0	0	1	0.668113043691314	0.0317
X698	1	0	1	0	0	7	0.548755512153128	0.1364
X699	1	0	0	0	0	1	0.779508989957062	0.0026
X710	1	0	1	0	0	7	0.574622608592155	0.1143
X711	0	1	0	0	1	12	0.699339846271518	0.0184
X712	0	1	1	0	1	23	0.40669212163693	0.462
X714	1	0	0	0	0	1	0.557663338369979	0.1175
X716	1	0	0	0	0	1	0.616287468768722	0.0621
X718	1	0	0	0	0	1	0.542154251601779	0.1343
X721	1	0	1	0	0	7	0.640961416938178	0.0458
X723	0	0	0	0	1	5	0.910031963228581	7e-04
X728	0	1	0	0	0	2	0.805460920063551	0.0021
X729	1	1	0	0	0	6	0.536986472193978	0.1665
X730	1	0	0	0	0	1	0.533402947590111	0.1635
X738	1	0	0	0	0	1	0.460203417368548	0.2546
X739	1	0	0	0	0	1	0.539561708562639	0.1454
X745	0	1	0	0	0	2	0.422331641105357	0.3851
X746	0	1	0	0	0	2	0.955514012261405	2e-04
X750	0	1	0	0	0	2	0.939835770832088	9e-04
X751	0	0	1	0	0	3	0.591293050511139	0.0738
X754	1	0	1	0	0	7	0.663301020891775	0.0337
X761	0	0	0	0	1	5	0.945472367955028	6e-04
X763	1	1	0	0	0	6	0.623094710966182	0.0524
X772	1	0	0	0	0	1	0.672292645452814	0.029
X773	0	0	1	1	0	13	0.259913316725622	0.9225
X774	0	0	0	0	1	5	0.960722455797263	1e-04
X777	1	0	0	0	0	1	0.681235438244268	0.024
X778	0	1	0	0	1	12	0.505187324000649	0.1553
X782	1	0	0	0	0	1	0.627688781471864	0.0486
X783	1	0	1	0	0	7	0.568662375909349	0.113
X784	1	0	0	0	0	1	0.657423703838971	0.0365
X787	1	0	1	0	0	7	0.600988049284356	0.0811
X790	0	0	0	0	1	5	0.675346391049294	0.0262
X794	0	1	0	0	1	12	0.915590271675564	0.0013
X795	1	0	1	0	0	7	0.557059409979239	0.1282
X802	0	1	0	0	0	2	0.501173209804063	0.1552
X806	1	0	1	0	0	7	0.510736713726376	0.2163
X808	1	0	0	0	0	1	0.765107194671988	0.0063
X811	1	0	0	0	0	1	0.774412526443388	0.0048
X812	0	1	0	0	1	12	0.93895763303148	2e-04
X813	0	1	0	0	1	12	0.786628855665982	0.0082
X820	0	1	0	0	0	2	0.949982024500478	9e-04
X822	1	0	0	0	0	1	0.703858097764453	0.02
X823	1	0	0	0	0	1	0.728122577329693	0.0134
X826	0	1	0	0	0	2	0.52636532106378	0.1242
X827	0	1	0	0	1	12	0.684011096254261	0.0185
X832	0	0	0	0	1	5	0.974539663526424	7e-04
X841	0	0	0	0	1	5	0.602901910267668	0.0164
X843	0	1	0	0	0	2	0.862975608563042	0.0015
X846	1	0	1	0	0	7	0.49555702166023	0.2492
X848	1	0	1	0	0	7	0.68190825036792	0.0246
X849	1	0	1	0	0	7	0.653396994707046	0.038
X850	1	0	0	0	0	1	0.682778917629794	0.0208
X854	0	1	1	0	0	10	0.778025026405294	0.0091
X855	0	1	0	1	1	24	0.865028252729767	0.0041
X856	0	0	1	0	1	14	0.674591666118509	0.0298
X859	0	1	1	0	0	10	0.695810068219262	0.0127
X861	1	0	1	0	0	7	0.568573532684177	0.116
X862	1	0	0	0	0	1	0.696827862747718	0.0187
X867	1	0	0	0	0	1	0.591956448185357	0.0955
X868	0	1	0	0	0	2	0.953512215920743	4e-04
X869	1	0	0	0	0	1	0.697991574635869	0.0228
X870	0	1	0	0	1	12	0.681759695977496	0.0328
X872	0	1	0	0	0	2	0.790244824077345	0.0061
X882	0	1	0	1	1	24	0.364431318259803	0.6378
X886	0	0	1	0	0	3	0.737256853849233	0.0095
X888	1	0	0	0	0	1	0.651151275329122	0.0418
X890	1	0	1	0	0	7	0.593684361581426	0.0822
X893	1	0	1	0	0	7	0.492220388130886	0.227
X894	1	0	0	0	0	1	0.570905809988837	0.0908
X896	1	0	0	0	0	1	0.504147169435754	0.1779
X899	1	1	0	0	0	6	0.536415140705598	0.1574
X900	1	0	0	0	0	1	0.551986988455456	0.1352
X904	1	0	0	0	0	1	0.674818103363636	0.025
X908	1	0	0	0	0	1	0.550218923508975	0.1578
X918	1	0	0	0	0	1	0.690424874940429	0.0245
X920	1	0	0	0	0	1	0.697323816661786	0.0215
X921	0	1	0	0	1	12	0.863238124860725	0.0032
X924	0	0	0	0	1	5	0.785603415780525	0.002
X925	1	0	0	0	0	1	0.622281792414106	0.0558
X927	0	1	0	0	0	2	0.914090794442368	9e-04
X928	0	0	0	0	1	5	0.965834784740657	1e-04
X931	1	0	0	0	0	1	0.610697915782683	0.0647
X932	1	1	0	0	0	6	0.652791209833867	0.0338
X933	1	0	0	0	0	1	0.602414810351023	0.0828
X934	0	0	1	0	0	3	0.974933356442865	9e-04
X938	1	0	1	0	0	7	0.728098913186869	0.0124
X940	1	0	1	0	0	7	0.695929326932083	0.0214
X941	1	0	1	0	0	7	0.556521486566661	0.1277
X946	0	1	1	0	0	10	0.591839334162784	0.0786
X953	1	0	0	0	0	1	0.631748369649086	0.0645
X954	1	0	0	0	0	1	0.643737239539848	0.0458
X961	0	1	0	0	0	2	0.612020203179559	0.0668
X963	1	0	1	0	0	7	0.687026029453294	0.0269
X970	1	0	0	0	0	1	0.582525790065329	0.0984
X971	0	1	0	0	1	12	0.700102219216258	0.0302
X972	1	0	0	0	0	1	0.680439802117253	0.0331
X979	1	0	1	0	0	7	0.726565650004515	0.0124
X983	1	0	0	0	0	1	0.599189937836482	0.0767
X1004	1	1	0	0	0	6	0.638598211195319	0.0483
X1008	1	0	0	0	0	1	0.64244595078306	0.0377
X1009	0	1	0	0	0	2	0.715882015447663	0.0121
X1010	0	1	0	0	1	12	0.998534906207865	1e-04
X1011	0	1	0	0	0	2	0.812404987848049	0.0016
X1012	0	0	0	0	1	5	0.686210868005923	0.0069
X1015	0	1	0	0	0	2	0.938503899649428	9e-04
X1016	1	0	0	0	0	1	0.593961290560494	0.0787
X1017	1	0	0	0	0	1	0.732420591852509	0.0108
X1019	0	0	0	1	0	4	0.380930060367893	0.4209
X1020	0	1	0	0	1	12	0.884617418701695	0.0032
X1031	1	0	0	0	0	1	0.511972903287964	0.2005
X1046	1	0	0	0	0	1	0.645416297653072	0.0394
X1047	0	1	0	0	0	2	0.709546420421117	0.0158
X1056	0	1	0	0	0	2	0.869239868782174	0.0013
X1059	0	0	1	0	0	3	0.756250582492592	0.0131
X1062	1	0	0	0	0	1	0.553891391430405	0.1368
X1069	1	0	1	0	0	7	0.673932582672942	0.0255
X1071	1	0	0	0	0	1	0.705628327852631	0.0196
X1073	0	1	0	0	0	2	0.652649843020882	0.0446
X1078	1	0	0	0	0	1	0.622676351590407	0.0603
X1088	0	1	0	0	1	12	0.823958072340077	0.0033
X1099	1	0	0	0	0	1	0.654238958248284	0.0413
X1102	0	1	0	0	0	2	0.846686669852991	0.0019
X1105	0	0	0	1	0	4	0.915197796632267	2e-04
X1108	0	0	1	0	0	3	0.999016625177365	6e-04
X1114	0	1	0	0	0	2	0.952389876448516	9e-04
X1122	1	0	1	0	0	7	0.508644808612294	0.2202
X1141	0	0	1	0	0	3	0.662078518670012	0.0302
X1144	1	0	0	0	0	1	0.6397632782164	0.0457
X1145	1	0	1	0	0	7	0.499801823218533	0.2185
X1149	1	0	0	0	0	1	0.683973734294053	0.0152
X1159	1	0	1	0	0	7	0.554666465648921	0.1121
X1172	1	0	1	0	0	7	0.589714581991943	0.0694
X1174	0	0	0	1	1	15	0.63404563644781	0.0639
X1178	0	1	1	0	1	23	0.45000309920557	0.2686
X1180	1	0	1	0	0	7	0.506665485143593	0.2073
X1192	1	0	0	0	0	1	0.526712761581823	0.1552
X1209	0	1	0	0	1	12	0.788763144552049	0.005
X1212	0	0	0	0	1	5	0.823329775371986	8e-04
X1215	0	1	0	0	1	12	0.875900922864192	0.0015
X1223	1	0	1	0	0	7	0.531146510213223	0.1831
X1225	1	0	1	0	0	7	0.654057693984446	0.0394
X1228	1	0	0	0	0	1	0.662750822709006	0.0264
X1233	1	0	0	0	0	1	0.726601036428061	0.0097
X1236	0	1	0	1	1	24	0.688775849974146	0.0237
X1237	0	1	0	0	0	2	0.577475603017042	0.0886
X1266	0	1	0	0	0	2	0.776880710270504	0.0025
X1276	1	0	0	0	0	1	0.6399680023998	0.0437
X1277	1	0	0	0	0	1	0.722909518811479	0.0125
X1279	1	0	1	0	0	7	0.512731563164295	0.2127
X1282	1	0	0	0	0	1	0.697103070432267	0.0237
X1283	1	0	1	0	0	7	0.50377984535734	0.1996
X1298	0	1	0	0	1	12	0.665866954275162	0.0416
X1322	0	1	0	0	1	12	0.739880815139192	0.0089
X1328	0	0	0	0	1	5	0.933889089516944	5e-04
X1331	1	0	0	0	0	1	0.585263897993446	0.0954
X1334	1	0	0	0	0	1	0.619377267885409	0.0616
X1336	1	0	0	0	0	1	0.632271655399749	0.0524
X1341	1	0	0	0	0	1	0.735852871673433	0.0115
X1342	0	1	0	0	0	2	0.986732752439289	9e-04
X1347	0	1	0	0	1	12	0.74861047046955	0.0101
X1348	0	0	1	0	0	3	0.445566394339503	0.3443
X1354	0	0	0	0	1	5	0.418414936648181	0.4857
X1360	1	0	0	0	0	1	0.678610927725801	0.03
X1362	1	0	0	0	0	1	0.567361295828487	0.1128
X1368	1	0	0	0	0	1	0.636287826079552	0.0481
X1369	0	1	0	0	1	12	0.61685370678147	0.0353
X1389	0	1	0	0	0	2	0.786287339137905	0.0017
X1407	1	0	0	0	0	1	0.639009650422694	0.0479
X1408	0	0	0	0	1	5	0.646688371289467	0.0263
X1414	0	1	0	0	1	12	0.68935712907333	0.0238
X1416	1	0	1	0	0	7	0.582440604028178	0.0932
X1421	1	0	0	0	0	1	0.538278543734406	0.1628
X1433	0	1	0	0	0	2	0.610751994759098	0.0241
X1437	1	0	0	0	0	1	0.543350120529778	0.134
X1440	1	0	0	0	0	1	0.663584745376614	0.0318
X1446	0	1	1	0	0	10	0.628938240266714	0.0358
X1447	0	0	1	0	0	3	0.691177985793278	0.0135
X1465	1	0	0	0	0	1	0.598205936942405	0.0718
X1492	1	0	0	0	0	1	0.637571638448271	0.052
X1495	0	1	1	0	1	23	0.511887515558802	0.1907
X1501	0	0	1	0	0	3	0.70025038100047	0.0211
X1507	1	0	0	0	0	1	0.657729383722459	0.0397
X1510	1	0	1	0	0	7	0.553692336783256	0.118
X1511	0	1	0	0	0	2	0.579129200657664	0.0907
X1517	1	0	1	0	0	7	0.635327581250882	0.047
X1532	1	0	0	0	0	1	0.673690290610788	0.0299
X1551	1	0	0	0	0	1	0.560560661663594	0.1176
X1558	0	0	1	0	0	3	0.919972420231884	0.0012
X1561	1	0	1	0	0	7	0.668882248269902	0.0331
X1567	1	0	0	0	0	1	0.553533273243465	0.1281
X1571	0	1	0	0	1	12	0.451028103598142	0.259
X1577	1	0	0	0	0	1	0.655793190579434	0.0409
X1583	0	1	0	0	0	2	0.974992772994738	2e-04
X1631	1	0	1	0	0	7	0.587896351252215	0.0848
X1635	0	0	1	0	0	3	0.940241727607941	9e-04
X1636	0	0	0	0	1	5	0.970752501281232	7e-04
X1650	0	0	0	1	0	4	0.708955429520869	2e-04
X1653	1	0	1	0	0	7	0.513035967846154	0.2001
X1673	1	0	1	0	0	7	0.562652121591877	0.1199
X1694	1	0	0	0	0	1	0.624166862617682	0.0531
X1704	1	0	0	0	0	1	0.603022689155527	0.0703
X1705	1	0	0	0	0	1	0.823499012880474	4e-04
X1714	1	0	1	0	0	7	0.565295722032844	0.1105
X1715	0	1	1	0	0	10	0.637931034482759	0.0405
X1721	0	1	0	0	0	2	0.902419249401454	9e-04
X1723	1	0	0	0	0	1	0.56166915456203	0.0979
X1724	1	0	0	0	0	1	0.574859336644405	0.1021
X1728	0	1	0	0	1	12	0.657722033634241	0.0239
X1750	0	1	0	0	0	2	0.842599318875007	0.0028
X1754	0	1	0	0	0	2	0.865719579514586	0.002
X1800	1	0	0	0	0	1	0.574092588534117	0.0904
X1809	0	1	1	0	1	23	0.529892029221705	0.1021
X1812	0	1	0	0	0	2	0.950003665144667	9e-04
X1819	1	0	0	0	0	1	0.547089519478764	0.1456
X1820	0	0	1	0	0	3	0.933651075857622	0.0013
X1821	0	0	1	0	1	14	0.858532613466012	0.0019
X1839	1	0	1	0	0	7	0.516255579910325	0.1762
X1846	1	0	0	0	0	1	0.668423922776961	0.0286
X1848	1	0	0	1	0	8	0.502273716637878	0.2303
X1891	0	1	0	1	1	24	0.567028527385217	0.0936
X1892	1	0	0	0	0	1	0.617142873264141	0.0653
X1911	0	0	1	0	0	3	0.691754047730434	0.0344
X1912	0	1	0	0	1	12	0.639674639719094	0.0456
X1915	0	1	0	0	1	12	0.867653102544165	0.0026
X1922	1	0	0	0	0	1	0.582183041040778	0.0903
X1973	0	0	1	0	0	3	0.911322376865767	9e-04
X1977	0	1	0	0	0	2	0.451835359356712	0.2495
X2009	0	0	0	1	1	15	0.636209010280352	0.0448
X2024	1	0	1	0	0	7	0.670304114516964	0.0362
X2037	0	1	0	0	0	2	0.885354968997165	0.002
X2038	0	0	1	1	1	25	0.57653345632715	0.0882
X2048	1	0	1	0	0	7	0.551030524148368	0.1119
X2064	0	1	1	0	1	23	0.398273234733441	0.3289
X2089	1	0	0	0	0	1	0.613571991077896	0.0621
X2097	0	1	0	0	0	2	0.483800674468087	0.1687
X2140	0	1	0	0	1	12	0.678034158947548	0.0343
X2161	1	0	0	0	0	1	0.568859838175619	0.1057
X2170	0	0	0	0	1	5	0.649974251922729	0.0023
X2171	1	0	0	0	0	1	0.531969681106204	0.1619
X2189	0	0	0	0	1	5	0.763290054733458	0.0134
X2191	1	0	0	0	0	1	0.573915454386305	0.1029
X2198	0	1	0	0	1	12	0.516811394121702	0.0675
X2209	0	0	1	0	0	3	0.96955982186828	9e-04
X2233	0	1	1	0	1	23	0.386520804981666	0.5551
X2244	1	0	0	0	0	1	0.529899896324158	0.128
X2253	0	0	1	0	0	3	0.76346252804481	0.0062
X2307	1	0	0	0	0	1	0.700323447221526	0.0156
X2330	0	1	0	1	1	24	0.559016994374947	0.0808
X2342	0	1	1	0	0	10	0.796328409714568	0.0034
X2361	0	0	0	1	0	4	0.452243421844907	0.2967
X2365	0	0	1	0	0	3	0.705125260590485	0.0195
X2472	0	0	0	0	1	5	0.755423271477562	0.0039
X2483	0	1	1	0	0	10	0.686440609311554	0.0263
X2521	0	0	0	1	1	15	0.569494797451499	0.0657
X2560	0	0	1	0	0	3	0.97605275487975	9e-04
X2685	0	0	0	1	1	15	0.545236150224278	0.0445
X2731	0	0	1	0	0	3	0.670324040689745	0.0338
X2871	0	0	1	0	0	3	0.998981151034493	9e-04
X2887	0	1	0	1	0	11	0.506944777064531	0.0431
X2910	0	0	1	0	0	3	0.99764539348322	9e-04
X2956	0	0	1	0	0	3	0.990819843579053	9e-04
X2962	0	0	1	0	0	3	0.998224745626519	9e-04
X2977	0	0	1	0	0	3	0.982835940746087	4e-04
X3160	0	0	1	0	0	3	0.998781527511399	9e-04
X3198	0	0	1	0	0	3	0.654077137200537	0.0359
X3221	0	1	0	0	1	12	0.757378954920146	0.0032
X3223	0	0	1	0	0	3	0.407123968856442	0.3974
X3225	0	0	1	0	0	3	0.510732930436977	0.1528
X3236	0	0	1	0	0	3	0.922807067788153	9e-04
X3566	0	0	1	0	0	3	0.988623065485962	9e-04
X3578	0	0	1	0	0	3	0.945313186873322	9e-04
X3582	0	0	1	0	0	3	0.994837342898804	9e-04
X3584	0	0	1	0	0	3	0.99355247952133	9e-04
X3655	0	0	1	0	0	3	0.956689206214921	9e-04
X3736	0	0	1	0	0	3	0.897165112834783	0.0017
X3861	0	0	0	0	1	5	0.857755261722432	7e-04
X4022	0	0	1	0	0	3	0.996889572558454	9e-04
X4406	0	0	1	0	0	3	0.968027105138421	9e-04
X4481	0	0	1	0	0	3	0.983738753675929	9e-04
X4680	0	0	1	0	0	3	0.981022943175945	9e-04
X5077	0	0	1	0	0	3	0.998156000643799	9e-04
