s.Control	s.Blood_D98	s.Faeces_D98	s.Pig_D98	s.Urine_D98	index	stat	p.value
X12	1	0	1	0	1	20	0.755914058164392	0.0044
X22	1	0	1	0	0	7	0.853013833050605	6e-04
X28	1	0	1	0	0	7	0.933108508521713	1e-04
X29	1	1	0	0	1	18	0.674525696613837	0.0205
X31	1	0	0	0	0	1	0.710155387379751	0.0198
X38	1	1	1	0	0	16	0.692457794073331	0.0185
X46	1	0	1	0	0	7	0.753462206844877	0.0074
X52	1	0	0	0	0	1	0.791421578648703	5e-04
X59	1	0	1	0	1	20	0.637065562138937	0.0445
X61	1	0	0	0	0	1	0.787797592558546	9e-04
X77	1	0	1	0	1	20	0.705039612230289	0.0107
X80	0	1	0	1	1	24	0.790367031931875	0.0055
X81	1	1	1	0	0	16	0.719865519008979	0.0079
X83	1	0	1	0	0	7	0.650744304777166	0.0395
X89	1	0	1	0	0	7	0.848366751251996	3e-04
X98	0	1	0	1	1	24	0.870943512668673	0.0011
X100	1	0	1	0	0	7	0.875681637092934	1e-04
X102	1	0	0	0	0	1	0.816785063023877	6e-04
X109	1	0	0	0	0	1	0.757106965264396	0.0035
X117	0	1	0	0	1	12	0.739713306948877	0.0057
X118	1	1	0	0	0	6	0.735051033327024	0.0064
X119	1	0	1	0	0	7	0.760021113749455	0.0013
X120	1	0	1	0	0	7	0.882497956628115	1e-04
X122	1	0	1	0	0	7	0.842705700781257	3e-04
X124	1	0	1	0	1	20	0.642555271064025	0.0427
X126	1	0	1	0	0	7	0.885434878372818	1e-04
X127	0	1	1	0	1	23	0.809710322997387	8e-04
X131	1	0	0	0	0	1	0.854538436525068	1e-04
X133	1	0	1	0	0	7	0.889645265349675	1e-04
X143	1	0	0	0	0	1	0.841597210764551	1e-04
X144	1	0	0	0	1	9	0.640040136356142	0.0469
X145	1	0	1	0	0	7	0.817177779577647	2e-04
X159	1	0	1	0	0	7	0.766472499923199	0.0017
X170	0	1	0	1	0	11	0.698887418112192	0.0176
X174	1	0	1	0	0	7	0.882301078102602	1e-04
X177	1	0	0	0	0	1	0.84259166374322	1e-04
X183	1	0	1	0	0	7	0.76055492179132	0.003
X185	1	1	1	0	0	16	0.658687013910649	0.0305
X186	1	0	1	0	0	7	0.724509282710738	0.0095
X187	1	0	1	0	0	7	0.676372826348684	0.022
X189	1	0	0	0	0	1	0.682970287933734	0.0211
X193	0	1	0	1	1	24	0.898373479561797	6e-04
X204	0	1	0	0	1	12	0.903603768802304	0.0016
X234	1	0	1	0	0	7	0.648429727408593	0.038
X244	1	0	0	0	0	1	0.837464083689174	1e-04
X245	0	1	0	0	1	12	0.829109300654448	0.0032
X255	1	0	0	0	0	1	0.762362365988451	0.0026
X260	0	1	0	0	1	12	0.69592318479904	0.0168
X269	1	0	1	0	0	7	0.655211333608518	0.0428
X284	1	0	1	0	0	7	0.651287600696563	0.0402
X285	1	0	1	0	0	7	0.739148433741587	0.0074
X286	1	1	0	0	0	6	0.709105302446734	0.0084
X289	1	0	1	0	0	7	0.693686425642014	0.0203
X296	0	0	0	0	1	5	0.879896529418864	4e-04
X317	0	1	1	0	0	10	0.767905842106528	0.0041
X335	1	0	1	0	0	7	0.70583513505385	0.0203
X336	1	0	1	0	0	7	0.691578076117097	0.0173
X343	1	0	0	0	0	1	0.692717990759016	0.0209
X349	0	1	0	1	1	24	0.79494838632966	0.0064
X360	1	0	0	0	0	1	0.718643060417286	0.0125
X361	0	1	0	0	1	12	0.859747120123618	0.0011
X370	1	0	0	0	0	1	0.802435997092945	9e-04
X372	1	0	1	0	1	20	0.643595902934838	0.0445
X384	0	1	0	0	0	2	0.888727932797532	0.002
X419	0	1	0	0	1	12	0.91671888213838	0.0011
X420	0	0	0	0	1	5	0.972966060605364	1e-04
X433	0	1	0	0	0	2	0.816448139968891	0.0014
X438	0	1	1	0	1	23	0.678856317420859	0.0254
X439	1	0	0	0	0	1	0.653713591160027	0.0389
X459	0	1	0	0	0	2	0.958263117402988	1e-04
X469	0	1	0	0	1	12	0.922145021209016	6e-04
X485	1	0	1	0	0	7	0.726330731004347	0.0083
X497	0	0	0	0	1	5	0.838386117359401	0.0029
X504	1	0	0	0	0	1	0.646017661005045	0.0415
X521	0	1	0	0	0	2	0.974657250508196	4e-04
X534	0	1	0	0	0	2	0.885606069717548	0.0014
X545	0	1	0	0	1	12	0.855951662839311	0.0013
X546	0	1	0	1	1	24	0.896168820239335	0.001
X572	0	0	0	1	1	15	0.706621128353235	0.0151
X582	0	1	0	0	1	12	0.681564864505496	0.0272
X597	0	1	0	0	0	2	0.975139855583163	4e-04
X598	0	1	0	0	1	12	0.808848675130715	0.0047
X609	0	1	0	1	1	24	0.863059503639228	0.0024
X610	0	1	0	0	1	12	0.810378000194508	0.0053
X612	1	0	0	0	0	1	0.698771711642084	0.0235
X625	0	1	0	0	0	2	0.849057424951053	0.0024
X635	0	0	1	0	0	3	0.633671570928138	0.0456
X640	0	1	0	0	0	2	0.850937993350258	9e-04
X661	0	1	1	0	1	23	0.670730576566427	0.0289
X677	0	1	0	0	1	12	0.931551641906374	0.0011
X711	0	0	0	1	1	15	0.766427138667529	0.0074
X746	0	1	0	0	0	2	0.936966712655916	2e-04
X777	1	0	0	0	0	1	0.817629817532677	4e-04
X787	1	0	0	0	0	1	0.797185920757099	0.0017
X794	0	1	0	0	1	12	0.961911744117194	2e-04
X811	1	0	0	0	0	1	0.743535389886158	0.0099
X812	0	0	0	0	1	5	0.795836959067329	0.0035
X813	0	1	0	1	1	24	0.833970206247046	0.0038
X820	0	1	0	0	0	2	0.902900280959244	0.0018
X841	0	0	0	0	1	5	0.716252124688914	8e-04
X843	0	1	0	0	0	2	0.893985122720784	4e-04
X849	1	0	0	0	0	1	0.77562824379172	0.0029
X854	0	1	0	0	1	12	0.767767608059263	0.005
X855	0	1	0	0	1	12	0.770983787550685	0.0073
X870	0	1	0	0	1	12	0.849990315920708	0.0011
X872	0	1	0	0	1	12	0.852512375288977	0.0044
X921	0	1	0	0	1	12	0.798021366576118	0.005
X924	0	0	0	0	1	5	0.751957384471321	0.0101
X938	1	0	0	0	0	1	0.722861520471391	0.0143
X1010	0	1	0	0	1	12	0.940965228191046	1e-04
X1020	0	1	0	0	1	12	0.90747339228109	5e-04
X1045	0	1	0	0	0	2	0.739240665561081	0.0092
X1088	0	1	0	0	1	12	0.869185371919033	0.0013
X1105	0	0	0	1	0	4	0.967010490955236	4e-04
X1108	0	0	1	0	0	3	0.949936345749692	6e-04
X1144	1	0	0	0	0	1	0.679627666030585	0.0264
X1174	0	0	0	1	0	4	0.62608650191018	0.0499
X1215	0	1	0	0	1	12	0.944031284254914	0.0012
X1266	0	1	0	0	0	2	0.780034578858829	0.0018
X1298	0	0	0	0	1	5	0.65683312197077	0.036
X1328	0	0	0	0	1	5	0.985900371136141	1e-04
X1347	0	1	0	0	1	12	0.717659276270442	0.0187
X1348	0	1	0	0	1	12	0.68025200313922	0.0298
X1411	0	1	0	0	0	2	0.875048760835612	4e-04
X1511	0	1	0	0	1	12	0.69849930199762	0.02
X1583	0	1	0	0	0	2	0.818756088494365	0.0019
X1635	0	0	1	0	1	14	0.774030107923565	0.004
X1715	0	1	0	0	1	12	0.790772331610883	0.002
X1728	0	0	0	0	1	5	0.803844274705069	0.0013
X1754	0	1	0	0	0	2	0.976850505449651	4e-04
X1812	0	1	0	0	1	12	0.705564677703665	0.0215
X1820	0	0	1	0	1	14	0.789172614850854	0.0026
X1821	0	0	1	0	1	14	0.863191091583904	0.0026
X1911	0	1	0	0	1	12	0.741857577016507	0.0075
X1912	0	1	0	0	1	12	0.789051488660468	0.0016
X1915	0	1	0	0	1	12	0.629836657297773	0.0306
X2037	0	1	0	0	1	12	0.88182827212911	0.0021
X2170	0	0	0	1	1	15	0.599441151987039	0.0412
X2198	0	1	0	0	1	12	0.611843022234942	0.0371
X2560	0	0	1	0	0	3	0.931138891077829	6e-04
X2910	0	0	1	0	0	3	0.99551078346232	6e-04
X2952	0	0	0	1	1	15	0.556753961086543	0.039
X2956	0	0	1	0	0	3	0.915337872471597	6e-04
X2962	0	0	1	0	0	3	0.983738753675929	6e-04
X3160	0	0	1	0	0	3	0.994107196777039	6e-04
X3172	0	0	0	1	0	4	0.590044920265766	0.0383
X3211	0	1	0	0	0	2	0.653584689013932	0.0353
X3236	0	0	1	0	0	3	0.922359077939127	6e-04
X3993	0	1	0	0	0	2	0.998872004410798	4e-04
